dat <- structure(list(col = c(1L, 1L, 1L, 1L, 1L, 1L, 1L, 1L, 1L, 1L, 
1L, 1L, 1L, 1L, 1L, 1L, 1L, 1L, 1L, 1L, 1L, 1L, 2L, 2L, 2L, 2L, 
2L, 2L, 2L, 2L, 2L, 2L, 2L, 2L, 2L, 2L, 2L, 2L, 2L, 2L, 2L, 2L, 
2L, 2L, 3L, 3L, 3L, 3L, 3L, 3L, 3L, 3L, 3L, 3L, 3L, 3L, 3L, 3L, 
3L, 3L, 3L, 3L, 3L, 3L, 3L, 3L, 4L, 4L, 4L, 4L, 4L, 4L, 4L, 4L, 
4L, 4L, 4L, 4L, 4L, 4L, 4L, 4L, 4L, 4L, 4L, 4L, 4L, 4L, 5L, 5L, 
5L, 5L, 5L, 5L, 5L, 5L, 5L, 5L, 5L, 5L, 5L, 5L, 5L, 5L, 5L, 5L, 
5L, 5L, 5L, 5L, 6L, 6L, 6L, 6L, 6L, 6L, 6L, 6L, 6L, 6L, 6L, 6L, 
6L, 6L, 6L, 6L, 6L, 6L, 6L, 6L, 6L, 6L, 7L, 7L, 7L, 7L, 7L, 7L, 
7L, 7L, 7L, 7L, 7L, 7L, 7L, 7L, 7L, 7L, 7L, 7L, 7L, 7L, 7L, 7L, 
8L, 8L, 8L, 8L, 8L, 8L, 8L, 8L, 8L, 8L, 8L, 8L, 8L, 8L, 8L, 8L, 
8L, 8L, 8L, 8L, 8L, 8L, 9L, 9L, 9L, 9L, 9L, 9L, 9L, 9L, 9L, 9L, 
9L, 9L, 9L, 9L, 9L, 9L, 9L, 9L, 9L, 9L, 9L, 9L, 10L, 10L, 10L, 
10L, 10L, 10L, 10L, 10L, 10L, 10L, 10L, 10L, 10L, 10L, 10L, 10L, 
10L, 10L, 10L, 10L, 10L, 10L, 11L, 11L, 11L, 11L, 11L, 11L, 11L, 
11L, 11L, 11L, 11L, 11L, 11L, 11L, 11L, 11L, 11L, 11L, 11L, 11L, 
11L, 11L, 12L, 12L, 12L, 12L, 12L, 12L, 12L, 12L, 12L, 12L, 12L, 
12L, 12L, 12L, 12L, 12L, 12L, 12L, 12L, 12L, 12L, 12L, 13L, 13L, 
13L, 13L, 13L, 13L, 13L, 13L, 13L, 13L, 13L, 13L, 13L, 13L, 13L, 
13L, 13L, 13L, 13L, 13L, 13L, 13L, 14L, 14L, 14L, 14L, 14L, 14L, 
14L, 14L, 14L, 14L, 14L, 14L, 14L, 14L, 14L, 14L, 14L, 14L, 14L, 
14L, 14L, 14L, 15L, 15L, 15L, 15L, 15L, 15L, 15L, 15L, 15L, 15L, 
15L, 15L, 15L, 15L, 15L, 15L, 15L, 15L, 15L, 15L, 15L, 15L), 
    row = c(1L, 2L, 3L, 4L, 5L, 6L, 7L, 8L, 9L, 10L, 11L, 12L, 
    13L, 14L, 15L, 16L, 17L, 18L, 19L, 20L, 21L, 22L, 1L, 2L, 
    3L, 4L, 5L, 6L, 7L, 8L, 9L, 10L, 11L, 12L, 13L, 14L, 15L, 
    16L, 17L, 18L, 19L, 20L, 21L, 22L, 1L, 2L, 3L, 4L, 5L, 6L, 
    7L, 8L, 9L, 10L, 11L, 12L, 13L, 14L, 15L, 16L, 17L, 18L, 
    19L, 20L, 21L, 22L, 1L, 2L, 3L, 4L, 5L, 6L, 7L, 8L, 9L, 10L, 
    11L, 12L, 13L, 14L, 15L, 16L, 17L, 18L, 19L, 20L, 21L, 22L, 
    1L, 2L, 3L, 4L, 5L, 6L, 7L, 8L, 9L, 10L, 11L, 12L, 13L, 14L, 
    15L, 16L, 17L, 18L, 19L, 20L, 21L, 22L, 1L, 2L, 3L, 4L, 5L, 
    6L, 7L, 8L, 9L, 10L, 11L, 12L, 13L, 14L, 15L, 16L, 17L, 18L, 
    19L, 20L, 21L, 22L, 1L, 2L, 3L, 4L, 5L, 6L, 7L, 8L, 9L, 10L, 
    11L, 12L, 13L, 14L, 15L, 16L, 17L, 18L, 19L, 20L, 21L, 22L, 
    1L, 2L, 3L, 4L, 5L, 6L, 7L, 8L, 9L, 10L, 11L, 12L, 13L, 14L, 
    15L, 16L, 17L, 18L, 19L, 20L, 21L, 22L, 1L, 2L, 3L, 4L, 5L, 
    6L, 7L, 8L, 9L, 10L, 11L, 12L, 13L, 14L, 15L, 16L, 17L, 18L, 
    19L, 20L, 21L, 22L, 1L, 2L, 3L, 4L, 5L, 6L, 7L, 8L, 9L, 10L, 
    11L, 12L, 13L, 14L, 15L, 16L, 17L, 18L, 19L, 20L, 21L, 22L, 
    1L, 2L, 3L, 4L, 5L, 6L, 7L, 8L, 9L, 10L, 11L, 12L, 13L, 14L, 
    15L, 16L, 17L, 18L, 19L, 20L, 21L, 22L, 1L, 2L, 3L, 4L, 5L, 
    6L, 7L, 8L, 9L, 10L, 11L, 12L, 13L, 14L, 15L, 16L, 17L, 18L, 
    19L, 20L, 21L, 22L, 1L, 2L, 3L, 4L, 5L, 6L, 7L, 8L, 9L, 10L, 
    11L, 12L, 13L, 14L, 15L, 16L, 17L, 18L, 19L, 20L, 21L, 22L, 
    1L, 2L, 3L, 4L, 5L, 6L, 7L, 8L, 9L, 10L, 11L, 12L, 13L, 14L, 
    15L, 16L, 17L, 18L, 19L, 20L, 21L, 22L, 1L, 2L, 3L, 4L, 5L, 
    6L, 7L, 8L, 9L, 10L, 11L, 12L, 13L, 14L, 15L, 16L, 17L, 18L, 
    19L, 20L, 21L, 22L), rep = structure(c(1L, 1L, 1L, 1L, 1L, 
    1L, 1L, 1L, 1L, 1L, 1L, 1L, 1L, 1L, 1L, 1L, 1L, 1L, 1L, 1L, 
    1L, 1L, 1L, 1L, 1L, 1L, 1L, 1L, 1L, 1L, 1L, 1L, 1L, 1L, 1L, 
    1L, 1L, 1L, 1L, 1L, 1L, 1L, 1L, 1L, 1L, 1L, 1L, 1L, 1L, 1L, 
    1L, 1L, 1L, 1L, 1L, 1L, 1L, 1L, 1L, 1L, 1L, 1L, 1L, 1L, 1L, 
    1L, 1L, 1L, 1L, 1L, 1L, 1L, 1L, 1L, 1L, 1L, 1L, 1L, 1L, 1L, 
    1L, 1L, 1L, 1L, 1L, 1L, 1L, 1L, 1L, 1L, 1L, 1L, 1L, 1L, 1L, 
    1L, 1L, 1L, 1L, 1L, 1L, 1L, 1L, 1L, 1L, 1L, 1L, 1L, 1L, 1L, 
    2L, 2L, 2L, 2L, 2L, 2L, 2L, 2L, 2L, 2L, 2L, 2L, 2L, 2L, 2L, 
    2L, 2L, 2L, 2L, 2L, 2L, 2L, 2L, 2L, 2L, 2L, 2L, 2L, 2L, 2L, 
    2L, 2L, 2L, 2L, 2L, 2L, 2L, 2L, 2L, 2L, 2L, 2L, 2L, 2L, 2L, 
    2L, 2L, 2L, 2L, 2L, 2L, 2L, 2L, 2L, 2L, 2L, 2L, 2L, 2L, 2L, 
    2L, 2L, 2L, 2L, 2L, 2L, 2L, 2L, 2L, 2L, 2L, 2L, 2L, 2L, 2L, 
    2L, 2L, 2L, 2L, 2L, 2L, 2L, 2L, 2L, 2L, 2L, 2L, 2L, 2L, 2L, 
    2L, 2L, 2L, 2L, 2L, 2L, 2L, 2L, 2L, 2L, 2L, 2L, 2L, 2L, 2L, 
    2L, 2L, 2L, 2L, 2L, 3L, 3L, 3L, 3L, 3L, 3L, 3L, 3L, 3L, 3L, 
    3L, 3L, 3L, 3L, 3L, 3L, 3L, 3L, 3L, 3L, 3L, 3L, 3L, 3L, 3L, 
    3L, 3L, 3L, 3L, 3L, 3L, 3L, 3L, 3L, 3L, 3L, 3L, 3L, 3L, 3L, 
    3L, 3L, 3L, 3L, 3L, 3L, 3L, 3L, 3L, 3L, 3L, 3L, 3L, 3L, 3L, 
    3L, 3L, 3L, 3L, 3L, 3L, 3L, 3L, 3L, 3L, 3L, 3L, 3L, 3L, 3L, 
    3L, 3L, 3L, 3L, 3L, 3L, 3L, 3L, 3L, 3L, 3L, 3L, 3L, 3L, 3L, 
    3L, 3L, 3L, 3L, 3L, 3L, 3L, 3L, 3L, 3L, 3L, 3L, 3L, 3L, 3L, 
    3L, 3L, 3L, 3L, 3L, 3L, 3L, 3L, 3L, 3L), .Label = c("R1", 
    "R2", "R3"), class = "factor"), gen = structure(c(4L, 10L, 
    15L, 17L, 21L, 32L, 33L, 34L, 72L, 74L, 75L, 81L, 83L, 106L, 
    107L, 3L, 5L, 6L, 8L, 9L, 11L, 13L, 14L, 30L, 16L, 18L, 19L, 
    20L, 23L, 24L, 25L, 26L, 27L, 28L, 35L, 36L, 37L, 38L, 39L, 
    71L, 73L, 76L, 77L, 78L, 79L, 80L, 97L, 102L, 40L, 42L, 43L, 
    44L, 45L, 46L, 47L, 48L, 49L, 50L, 51L, 52L, 53L, 54L, 55L, 
    56L, 57L, 58L, 59L, 60L, 61L, 62L, 63L, 64L, 65L, 66L, 67L, 
    68L, 69L, 70L, 88L, 103L, 104L, 98L, 2L, 1L, 89L, 87L, 84L, 
    85L, 89L, 90L, 86L, 91L, 92L, 93L, 94L, 95L, 96L, 7L, 99L, 
    100L, 101L, 29L, 104L, 105L, 22L, 31L, 41L, 12L, 82L, 82L, 
    104L, 18L, 70L, 22L, 56L, 41L, 37L, 53L, 86L, 40L, 50L, 17L, 
    80L, 78L, 26L, 95L, 96L, 15L, 82L, 87L, 44L, 58L, 62L, 92L, 
    91L, 36L, 57L, 68L, 23L, 102L, 33L, 47L, 105L, 2L, 104L, 
    28L, 90L, 32L, 21L, 39L, 76L, 84L, 79L, 89L, 4L, 67L, 19L, 
    103L, 35L, 14L, 107L, 11L, 73L, 30L, 6L, 29L, 75L, 97L, 82L, 
    10L, 25L, 7L, 52L, 3L, 83L, 88L, 74L, 71L, 100L, 27L, 42L, 
    98L, 12L, 77L, 72L, 13L, 64L, 59L, 8L, 5L, 85L, 45L, 101L, 
    89L, 65L, 99L, 34L, 51L, 16L, 81L, 106L, 61L, 69L, 66L, 38L, 
    9L, 24L, 55L, 60L, 46L, 93L, 31L, 63L, 43L, 54L, 48L, 1L, 
    49L, 20L, 94L, 5L, 4L, 104L, 46L, 63L, 3L, 48L, 98L, 60L, 
    8L, 51L, 71L, 16L, 22L, 14L, 86L, 18L, 12L, 69L, 87L, 84L, 
    35L, 2L, 42L, 81L, 91L, 57L, 25L, 26L, 72L, 80L, 73L, 45L, 
    52L, 53L, 102L, 15L, 54L, 19L, 96L, 92L, 7L, 10L, 38L, 27L, 
    89L, 28L, 56L, 37L, 99L, 97L, 68L, 64L, 49L, 74L, 24L, 95L, 
    21L, 103L, 75L, 94L, 55L, 11L, 67L, 30L, 85L, 79L, 9L, 66L, 
    82L, 82L, 59L, 101L, 83L, 62L, 90L, 106L, 104L, 65L, 31L, 
    76L, 78L, 50L, 70L, 88L, 77L, 23L, 33L, 47L, 29L, 100L, 93L, 
    89L, 107L, 39L, 32L, 40L, 58L, 13L, 34L, 61L, 20L, 43L, 36L, 
    44L, 41L, 105L, 6L, 1L, 17L), .Label = c("(WWH*MM)*WR*", 
    "(WqKPWmH*3Ag", "AMERY", "ANGAS", "AROONA", "BATAVIA", "BD231", 
    "BEULAH", "BLADE", "BT_SCHOMBURG", "CADOUX", "CONDOR", "CORRIGIN", 
    "CUNNINGHAM", "DGR/MNX-9-9e", "DOLLARBIRD", "EXCALIBUR", 
    "GOROKE", "HALBERD", "HOUTMAN", "JANZ", "K2011-5*", "KATUNGA", 
    "KIATA", "KITE", "KULIN", "LARK", "LOWAN", "M4997", "M5075", 
    "M5097", "MACHETE", "MEERING", "MOLINEUX", "OSPREY", "OUYEN", 
    "OXLEY", "PELSART", "PEROUSE", "RAC655", "RAC655'S'", "RAC696", 
    "RAC710", "RAC750", "RAC759", "RAC772", "RAC777", "RAC779", 
    "RAC787", "RAC791", "RAC792", "RAC798", "RAC804", "RAC805", 
    "RAC806", "RAC807", "RAC808", "RAC809", "RAC810", "RAC811", 
    "RAC812", "RAC813", "RAC814", "RAC815", "RAC816", "RAC817", 
    "RAC818", "RAC819", "RAC820", "RAC821", "ROSELLA", "SCHOMBURGK", 
    "SHRIKE", "SPEAR", "STILETTO", "SUNBRI", "SUNFIELD", "SUNLAND", 
    "SWIFT", "TASMAN", "TATIARA", "TINCURRIN", "TRIDENT", "VF299", 
    "VF300", "VF302", "VF508", "VF519", "VF655", "VF664", "VG127", 
    "VG503", "VG506", "VG701", "VG714", "VG878", "WARBLER", "WI216", 
    "WI221", "WI231", "WI232", "WILGOYNE", "WW1402", "WW1477", 
    "WW1831", "WYUNA", "YARRALINKA"), class = "factor"),